12   56  100  144  188  232  276  320  364  408  452  496  540  584  628 
29.77438      43.51574      58.63711      72.17616      85.93031      100.2016      114.4575      128.7277      142.4376      156.8496      170.3414      184.4383      198.6752      212.4305      225.9863 
29.16307      43.20518      57.42586      71.44094      85.38417      99.63327      113.5549      127.9618      141.8495       155.934      169.8015      183.8142       197.849      212.0545      226.2321 
29.3595      43.32982       57.7098      71.77605      85.73453      99.90019      113.8841       128.015      142.0239      155.9279      169.9156      183.9831      197.9592      212.3168      226.4403 
29.33814      42.93988       57.1575      70.78423      84.61633      98.84615      112.8402      126.6776      140.7014      155.0057      168.9447      182.9513      197.0264      211.1429      225.9221 
28.80093      42.99797      57.45223      71.38578       85.2418      99.53543      113.7673      127.8633      141.7588       156.055      169.6116      183.9015      197.8873      211.7566      226.1827 
29.55804      43.67118        57.829      71.59592      85.81481      99.75568      113.9895      127.9336      141.9277      156.1726      169.7562      183.9874      197.9351      212.0213      226.2998 
29.06397      42.93519      57.08789      71.02879      85.03272      99.08598      113.1943      127.2719      141.1948      155.4342      169.1492      183.0825      197.0882      211.3063      226.0502 
29.42222      43.59548      57.71429      71.82505      85.90123      100.1933      114.5893      128.5474      142.7143      156.8556      170.6607      184.8086      199.0878      213.1822      227.3556 
28.69155      42.96524      57.25294      71.25826      85.36031       99.5708      113.7941      127.7762           142      156.2124      169.9726      184.2472      198.3658      212.5255      226.9097 
28.65672       42.9251      57.21371      71.31621       85.4593       99.7093      113.9062      128.0355      142.3892      156.5328      170.4877      184.6247       198.984      213.2252      227.5886 
29.46742      43.81682       58.0678      72.16667      86.25296      100.4223      114.5676      128.5879      142.6338      156.7255      170.3264      184.7207      198.5954      212.6993      226.9065 
29.76596      43.75697      58.00421      71.90693      85.96066       100.095      114.0323      128.1077      142.3305      156.2255      169.9918      184.4605      198.4701      212.6124      226.8096 
29.62857      43.97655      58.47269      72.44024      86.69857       100.786      114.8534      128.9315      143.0211      157.0419      170.5018      184.4969      198.3895      212.2213      226.3293 
29.13699      43.35019      57.68665      71.52088      85.68302      99.76701        114.09      128.0787      142.3155      156.4732      169.9759      184.3988      198.4956      212.6253      226.8352 
30.35294      44.88235      59.25612      73.51188      87.47569      101.7019       115.842      130.0882      144.2475      158.2489      172.1056        186.23       200.137      214.1864       228.038 
28.81264      43.08949      57.47305      71.58562      85.60039      99.83613      113.8311       127.998      141.9375      156.1811      169.7419       183.795      197.8774      211.8251      226.2314 
29.77155      43.82772      58.45494      72.53079      86.63755      100.5751       115.017      129.1101      143.1335      157.4759      170.9812       185.203      199.0527      213.2772      227.3879 
29.69318      43.73237       57.9177      71.89126      85.94456      99.91794      113.9711      127.9031      141.8022      156.1509      169.5607      183.5811      197.5481      211.5805      225.8163 
29.13596      43.07227       57.2549      71.15823      85.08829      99.32099      113.2548      127.4149      141.4056      155.8633      169.2447      183.5703      197.6938      211.8241      226.0888 
29.58153       43.7875      58.00206      72.08125      86.13828       100.499      114.5972      128.8734      142.8604       156.875      170.6134       184.948       198.981      213.1128      227.2177 
29.84342       43.9981      58.22351      72.32421       86.3583      100.4479       114.464      128.5259       142.377      156.5729      169.9572      184.2896      198.2178      212.2475      226.4672 
27.77826      41.55446      55.66255      69.58159      83.66524      97.78227      111.7559      125.9869      140.2942      154.7583      168.3864      182.7905       197.154      211.4663      225.9487 
28.53277      42.14571      56.04175      69.31089      83.11308      97.16697      111.1613      125.1535      138.7467      152.9784       167.039      181.1829      195.3789       209.635      226.3933 
29.93555      44.11765      58.20744      72.27677      86.30485      100.2606      114.2257      128.2523      142.2528       156.248      169.8745      183.7495      197.7573      211.5218      226.1873 
29.6588      44.03622      58.64449      72.72068      86.86481      101.1075      115.4309      129.3367      143.5899      157.6286      171.1654      185.2751      199.1397      212.8836      226.9317 
28.07261      42.04043      56.29436      70.04367      84.07006      98.22941      112.2309      126.4013      140.2706      154.8095      168.3697      182.4896      196.5819      210.9845      226.1586 
28.97448      43.14842      57.27651      71.26884      85.28285      99.42972      113.6693      127.7383      141.8069      156.1673      169.7491      184.2167       198.122       212.468      226.8641 
28.94274      43.05385      56.94808      70.97696      85.02664      99.30642      113.2854      127.3103        141.53       155.929      169.5375      183.6519      197.8096      212.1586      226.6101 
29.41593       43.4856      57.68067      71.63048        85.676      99.90428      114.0835      128.0924      142.4302      156.2476      170.1467      184.4698      198.6172      212.9096      227.1148 
29.27646      43.29278      57.30785      71.29344      85.35596      99.40194      113.5778      127.5612      141.7091      155.9286       169.519      183.8641      197.9635      212.1587       226.482 
28.49891      42.46479      56.58299       70.8309      84.74943      98.94409      112.9287      127.1038      141.1441       155.406      169.2412      183.2549      197.3436      211.8285      226.0617 
30.1122      44.42626      58.73261      72.71613      86.66102      100.7119        114.64      128.6478      142.5288      156.6222      169.9249      184.0882      197.8915      211.7038      226.3047 
29.05327      43.26173      57.79622      71.57606      85.79482      99.97172      114.2851      128.6294      142.3845      156.4074      170.0914      184.3393      198.4183      212.4588      226.6374 
28.91469      43.17864      57.60086      71.76378      86.04772      100.4049      114.6827       128.804      142.6825      156.8905       170.428      184.9687      198.8047      212.8495      226.9547 
30.12683      44.45591      59.43052      73.53183      87.87764      102.2164      116.5319      130.4452      144.6031      158.6535      172.4291      186.8537      200.5429      214.5021      228.2309 
28.06783      42.38493      56.65591      70.88553      84.97511      99.18943      113.5121      127.7043      141.7413      156.1702      169.7213      183.7978      198.0021      211.8045      226.2727 
28.7      42.79295      57.34979            71      85.05485      99.20659       113.552      127.5908      141.5947       155.988       169.546      183.7339      197.8341      212.0373        226.39 
28.71064      42.65773      56.98978      70.88577      84.99794      98.98514      113.4755         127.6      141.6298       155.849       169.546      183.8217      197.9409      212.1836       226.547 
29.5684        43.659      57.90498      71.81616      85.99375      100.0231      114.0465      128.3267      141.9635      156.1957      169.6367      183.9316       197.866      211.9444      226.2589 
28.58772      42.41807      56.73684      70.48776      84.42523      98.51267       112.668      126.6926       140.748      155.0743      168.6823      182.9689      197.2807      211.5327      226.0747 
28.43584       42.0717      56.43813      70.12389      84.18716      98.60958      112.5081      126.7665      140.4785      155.0326      168.9558       183.302      197.3588      211.8895      226.2095 
27.70824      41.99613      56.11224      70.15723      84.48924      99.11069      112.9306      127.4885      141.3141      155.6333      169.3167      183.7581        197.64      211.7522      226.2185 
29.3141      43.16846      57.79025      71.62097      85.77778      99.89362       114.119      128.2551       141.998      156.0872      169.8712      183.9115      197.8976      212.0455      226.3944 
29.45767      43.41942       57.8008      71.73386      85.75654      99.84944      114.1648      128.1685      142.0386      156.1081      169.8076      184.1207      198.0062       212.032      226.2925 
28.25229      42.12474      56.39957      70.23256      84.13235       98.4106      112.4564       126.746      140.6265      155.0701      168.6802      183.1049       197.215      211.5433      225.9296 
29.41218      43.53543      57.79379       71.8709      85.88716      99.94542      114.0319      128.2437       142.051       156.498      169.8818      184.1686       198.232      212.4191      226.5011 
29.61778      43.91963      58.49372        72.583      86.83689      100.9467      115.3352      129.5528      143.4228      157.7206      171.0552      185.6233      199.6212      213.6278      227.6085 
29.4321      43.43385      57.75219      71.88769      85.80725      99.94153      113.9798      128.1803      141.8327      155.9379      169.5275      183.5843      197.5736      211.4822      226.5019 
28.58473      42.89074      57.61807      71.62151      85.85685      100.2433      114.5583      128.7888      142.6061      156.9544      170.5484      185.3025      199.4681      213.3965      227.3552 
28.2698      42.32558      56.70759      70.73718      84.72176      98.97561      113.3217      127.6201      141.5132      156.2065      169.6851      183.9921      198.2227      212.4809       226.749 
29.04859      42.83027      57.50644      71.21166      85.47059      99.64791      113.6667      127.8171      141.5879      156.0499      169.5717      183.9188      197.9771       212.128      226.5332 
28.90444      42.86335      57.24729      71.04234      85.23319      99.39591      113.3147      127.5762      141.4275      156.0228      169.3462      183.5543       197.714      211.7814      226.1049 
29.37047      43.15287      57.93564       71.8512      85.87084      100.1963      114.3406       128.532      142.4033        156.54      170.2843      184.4395      198.6772      212.6556       226.833 
28.92217      42.96888       57.3397      71.42636      85.49174      99.76316       114.062      128.1286      142.0331      156.1795      169.7395      184.2707       198.268      212.3253      226.6393 
29.23389      43.26628      57.55319      71.42442      85.34979      99.52964      114.1211      128.0284      141.8914      155.8916      169.6099      183.8317      197.9231       211.916      226.1598 
28.81221      42.87726      57.02908       71.1524      85.25263        99.364      113.3617       127.873      141.6748      156.1113       169.681      183.9205      198.2154      212.5381      226.7855 
28.34635      42.30519      56.66814      70.83227      85.02923      99.24309      113.4589       127.735      141.2942      155.8501      169.2524      183.8333      197.8114      211.9551      226.3489 
27.51522      41.24571      55.77707       69.7412      83.74737      98.24813      112.2865      126.7214      140.7587      155.4465      169.4004      183.6151      198.1164      212.5243      227.0318 
28.99321      42.71373      56.98945      70.81758      85.00615      99.20396      113.3182      128.5242      141.3452      156.1052      169.5946      183.8358      198.0333      212.1686      226.4918 
28.50572      42.25281      56.74338      70.54329      84.85521      98.84916      113.1455      129.0256       141.178      155.5448       169.451      183.6395      197.9148      212.1238      226.3577 
28.69555      42.58874      56.98906      70.83263      84.85524      99.03049      113.0787      129.2451      141.1978      155.6845      169.2925      183.6012      197.7597      211.9818      226.4727 
28.26485      42.37405      56.33333      70.33054      84.64474      98.72051      113.0031      129.2222      141.0146      155.7163      169.3489      183.5299      197.8044      212.0744      226.4645 
28.78795      42.56832      56.72234      70.56175      84.66346      98.82897      113.0087      129.4466      141.0851      155.6388        169.34      183.8495      198.0645      212.4804       227.096 
28.57895      42.51965      56.61359      70.65275      84.63561      98.60042      113.0608      128.5275      140.8971      155.8689       169.049      183.4864      197.7048      211.8049      226.2938 
29.01089      42.93172      56.99008      70.69079      84.74664      98.88616      112.7637      129.5973       140.893      155.3214      168.8292      183.3491      197.5128      211.6911      226.1848 
29.18821      43.30303      57.58526      71.59381      85.91968      100.1133      114.2019      129.8315      142.4684      156.5444      170.0204      184.5562      198.7101      212.7137      226.8739 
29.25949      43.17748      57.56238      71.32484      85.45276      99.66342      113.7667      128.8016      141.6686      155.6385      169.4046       183.784      197.8766      212.0811      226.4487 
29.93908      44.27255      58.65953      72.65914      86.91969      101.3979      115.4566      130.3739      143.5804      157.8119       171.146        185.74      199.7933      213.5759      227.7332 
29.18615       43.3165      57.83065      71.79541      86.28743       100.511      114.5351      129.5634      142.6486      156.7602      170.6723      185.0706      199.2016      213.2875      227.3843 
28.28112      42.50208      56.88139      70.88967      85.10707      99.34122      113.6919      129.3924      142.0251      156.0461      169.6886      184.5068         198.5      212.6978      226.9077 
29.58156      43.54949      58.14317      72.09218      86.26994      100.5783      114.8233      128.7841      142.7076      156.7294       170.379      184.8987      199.0923      213.1871      227.2424 
29.56688      43.61905      57.93008      71.91463      86.19706      100.2964      114.4162      128.4998      142.7297      156.4246      170.1737      184.7516      198.6485      212.8045      226.7398 
29.17211      43.04247      57.85857       71.7301      85.95964      100.4528      114.6243      128.4255       142.519      156.5255      170.1543       184.734       198.512      212.5915      226.7356 
28.99356      42.81967      56.74012      70.70492      84.59438      98.58893       112.779      126.6071      140.6699      155.2409       168.803      183.2958      197.2866      211.4603      226.0156 
28.88889       42.7119      57.02703      70.96024       85.1996      99.24906      113.2829      127.5076       141.338      155.8787      169.4077      183.8811      197.7546      212.1174        226.39 
29.64333      43.82189       58.0364      72.26271      86.24793      100.5069      114.7616      128.6365      142.5581      156.6303      170.2319      184.5723      198.4581      212.4159      226.4761 
29.13306      43.05339      57.39832      71.21639      85.42767      99.83846      113.8893      127.8687      142.0038      156.4306      170.0091      184.5194      198.5575      212.8454           227 
30.03181      44.21053      58.63992      72.85714      87.09148      101.3195      115.3146      129.3011      143.5453      157.6025      171.0378      185.6009      199.4331      213.6018      227.3379 
29.88009      44.32347      58.83158      73.26707      87.65923      101.9091      116.5092      130.6704      144.9612      158.8197      173.2923      187.5441      200.8831      214.8315      228.0306 
29.08866      42.99623      57.25116      71.17607       85.3374      99.45562      113.6245       127.604      141.6435      155.9703      169.5039      183.9726      198.0873      212.1416      226.3886 
29.4234      43.31213        57.393      71.44898      85.44341      99.50101      113.4851      127.5815      141.3834      155.9905      169.4173      183.4643      197.6178      211.5845      226.4503 
29.45823      43.35967       57.0783      70.99405      84.91446        98.833      112.8966      126.8691       140.628      155.1107      168.7188       182.809       196.891      211.1006      225.9576 
29.98105      44.36134      58.72121      73.03364      87.29897      101.3195      115.7336      129.6819      143.8016      157.8879      171.6265      185.7887         199.6      213.4334      227.4473 
29.48637        43.712      58.20204      72.25506      86.46895      100.6192      114.7234      129.0108       142.985      157.1324      170.8126      185.2879      199.2365      213.3194      227.2413 
28.70171      42.43359      56.47862      70.44309      84.40672      98.50838      112.6718      126.5096      140.5752       155.038       168.626      182.9353      197.1161      211.4022      225.9566 
30.05846      44.36811      58.87276      73.18107       87.1746      101.5717      115.6342      129.7427       143.875      157.9814      171.5058      185.8333        199.73      213.6712      227.5479 
29.32866      43.83778        58.354      72.63985      86.97778      101.2575       115.428      129.5477      143.5987      157.7825      171.2767      185.6336      199.5665      213.4069      227.2028 
29.53306      43.76171      58.16105      72.02957      86.35699       100.506      114.7267      129.0185      142.9982      157.1809      170.7836      185.4926      199.6549      213.7473      227.7944 
28.26013      42.31608      56.38028      70.37409      84.53459      98.67323      113.0858      127.0596      141.2768      155.6065        169.49      184.0674      198.1773      212.4272      226.7681 
29.176       43.3716      57.74316      71.77369      86.04898      100.1598      114.6341      128.8734      142.9942      157.2242      171.0428      185.6113      199.8768      213.9487      228.1134 
29.03212      43.34586      57.97342      72.05947      86.34719      100.4912      114.7802      128.7846      143.0461      156.9764      170.7825      185.1006      198.9745       213.012      227.0401 
28.85477      43.29622      57.54115      71.85681      86.12883      100.4537      114.6865      128.9013      143.0021      157.2759           171      185.5965      199.4746      213.6144      227.6629 
29.29821      43.58135      57.77035       71.8454      86.01392      99.99016      114.4339      128.4372      142.5841      156.7759      170.4981      184.7773      198.8632      212.8721      226.9762 
28.95381      43.18763       57.4053      71.43585      85.50791      99.78711      114.1223      128.0202       142.294      156.2213      169.8909      184.3374       198.566      212.5599      226.7121 
29.38902      43.06318      57.03929      70.77395      84.72348      98.63985      112.5897      126.7793      140.8296        155.17      168.7615      183.0357      197.1562      211.6567      226.1226 
30.18496      44.56151      59.16155      73.49116      87.76591       101.943      116.3457      130.5337      144.5281      158.7967      172.5061      186.4946      200.5817      214.4718      228.3584 
28.37618      42.41869      56.99167      70.55232      84.85159      98.93666      113.2054      127.5558      141.4963      155.9894      169.7824      184.2025      198.2411      212.3985      226.7236 
29.69794      43.80396      58.44487      72.03839      86.21441      100.3012      114.5943      128.5138      142.7904      156.6653      170.4442      184.9289      198.8849      212.9806      226.8394 
28.77958      42.76119      56.99366      70.95896      85.04726      99.13531      113.2549      127.4636      141.5746      155.7862      169.6828      183.8741      197.8215      212.0282      226.2188 
28.8411      42.46421      56.67126      70.38934      84.28485      98.45936      112.5464      126.6934      140.5411      155.1834      168.7636      183.0916      197.2364      211.6537       226.042 
29.94061      44.13958      58.44813      72.29222      86.12737      100.2798      114.5126      128.5527      142.7623      156.6538      170.3077      184.6827      198.6998      212.6871       226.703 
29.102      43.01515       57.2839      71.16054      85.31068        99.218      113.4279      127.6142      141.7281      155.9023      169.6974      184.0143      198.3226      212.5923      226.8644 
29.96464      44.09598      58.38462      72.43086      86.44592      100.4937      114.7344      128.6843      142.7146      156.7954      170.4526      184.7677      198.7002       212.573       226.742 
28.90254      43.00212      57.31983      71.44536      85.51566      99.80037      114.0423      128.1347        142.53      156.6358      170.3939      184.7942      199.1357      213.1691      227.3971 
30.18894      44.36152      58.56846      72.45639      86.74454      100.6031      114.7201      128.8028      142.6743      156.6481      170.3133      184.4211      198.1285      212.1471      226.4106 
29.46055      43.68392       58.0426       72.1448      86.23493      100.1464      114.4291      128.4233      142.5202      156.6491      170.3081      184.4669      198.6467      212.4748      226.6136 
28.70807       42.8207       57.1875      71.19038       85.1914       99.4954      113.7168      127.7152       141.998      156.1521      170.0547       183.994      198.1325      212.1141      226.2369 
28.69835      42.92771      57.55365      71.64444      85.85039      99.95939       114.444      128.4798      142.6089      156.6904      170.5221      184.9912      198.9228      213.0206      227.0121 
29.50105      43.31862      57.68039      71.59363      85.48822      99.56154      113.7566      127.7634      141.9318      156.1638      170.0614      184.2577      198.3706      212.4484      226.4498 
29.91189      44.53196      58.95094      73.00385      87.10438      101.4935      115.5805      129.8631      143.8031      157.9428      171.7117      185.8508      199.8281      213.8333      227.7485 
29.4926      43.96356      58.26854      72.45791      86.58506      100.8085      115.1734      129.2824      143.3361      157.5441      171.3538      185.5578      199.3448      213.5388      227.3314 
28.34382      42.45703      56.64023       70.5809      84.87238      98.80351      113.1144      127.3645      141.3667      155.3125      169.4741        183.63      197.8667      212.0098      226.3268 
29.12016        43.262      57.65875      71.58188      85.68167      99.81038      113.9767      128.1111       142.016      156.1902      169.9121      183.9643      197.9228      211.9978      226.3712 
29.38812      43.55556      57.98069      71.97735      86.11069      100.2572      114.5377      128.5077      142.5819      156.6901      170.4692      184.6967      198.6947       212.506      226.7188 
29.79036      43.95935      58.25403      72.20702      86.33645      100.2505      114.3567      128.4501      142.4209      156.4773      170.2374      184.5139      198.2673      212.2521      226.3296 
30.09162      44.32833      58.65812      72.73428       86.6627      100.7947      114.9806      128.8798      142.9529      157.1157      170.8252      184.8945      198.7644      212.8486      226.8748 
28.22244      42.09144      56.33663      69.85326      84.00527      98.15779      112.1656      126.4693      140.3455       154.821       168.856      183.2823      197.3584      211.7684      226.3122 
29.03412      43.31204      57.62992      71.73063      85.88142      100.1277      114.4755      128.5248       142.548      156.8323      170.6969      184.8961           199      213.0021      227.0327 
29.04904      42.90536      57.06889      71.04356      84.88095      98.88095           113      126.9581      141.0676      155.2734      169.3413      183.4061      197.5603      211.7484      225.9962 
29.8361       43.8764       58.0137      72.08679      86.11585      100.1353       114.416       128.294      142.4502      156.3795      170.3381       184.527      198.6667      212.6411      226.7845 
29.51073      43.85255      58.41478      72.72365      87.01426      101.3054      115.5937      129.7194      143.8316      158.0349      171.8337      186.0421      199.8361       213.778      227.4236 
28.80855      42.71898      57.20954       70.8449      85.06961      99.23828      113.3341      127.4013      141.4668      155.6632      169.6186      183.8143       197.974       211.996      226.3339 
28.96939       43.1161      57.48786      71.20998      85.48064      99.55028      113.6934      127.8908      141.5928      155.9778      169.7802      183.9162      197.7091      211.7721      226.4199 
28.19592      42.18775      56.43393       70.2271      84.32094       98.3563      112.3739      126.8477      140.6863      154.9478      169.0118      183.2117      197.2854      211.6571      226.0829 
30.60171      44.99605          59.4      73.57895      87.58704      101.7715      115.8354        129.75      143.7544      157.7769      171.7137      185.6996      199.5436      213.2988      227.2163 
29.74419      43.95127      58.01711      72.15606      86.10441      100.0728      114.5612      128.5402      142.5202      156.6241      170.4058      184.7217      198.5866      212.4623      226.7201 
28.90782      43.26248      57.27897      71.25536      85.30898      99.28683      113.3821      127.6964       141.494      155.6685      169.8183      183.8797      197.8378      212.0058       226.309 
28.7767      42.71495      57.13553       70.7342      84.76553      98.85285      113.3678      127.3434      141.2942      155.2839      169.6364      183.6768      197.9781       212.386      226.5827 
